// MilkShape 3D ASCII

Frames: 30
Frame: 1

Meshes: 2
"shell" 0 1
58
0 0.000000 -24.325829 3.064913 0.062011 0.440950 -1
0 24.764811 0.438985 3.064911 0.111909 0.237232 -1
0 22.268805 0.438984 6.762818 0.106881 0.237232 -1
0 0.000000 -21.829821 6.762820 0.062011 0.420417 -1
0 -24.764811 0.438985 3.064911 0.012110 0.237232 -1
0 -22.268805 0.438984 6.762818 0.017139 0.237232 -1
0 6.474392 23.925806 3.064909 0.075055 0.044029 -1
0 0.000000 23.925806 3.064909 0.062011 0.044029 -1
0 -4.709450 22.160864 6.762816 0.052520 0.058547 -1
0 4.709450 22.160864 6.762816 0.071500 0.058547 -1
0 -6.474392 23.925806 3.064909 0.048965 0.044029 -1
0 -6.474392 -4.236944 3.064911 0.048965 0.275698 -1
0 -4.709450 -8.497890 6.762819 0.052520 0.310747 -1
0 -17.957565 7.246231 3.064910 0.025826 0.181237 -1
0 -17.957563 4.750226 6.762818 0.025826 0.201768 -1
0 17.957565 7.246231 3.064910 0.098194 0.181237 -1
0 17.957563 4.750226 6.762818 0.098194 0.201768 -1
0 6.474392 -4.236944 3.064911 0.075055 0.275698 -1
0 4.709450 -8.497890 6.762819 0.071500 0.310747 -1
0 17.957567 14.800164 -0.000001 0.110132 0.458960 -1
0 11.666006 8.504450 -0.000001 0.110132 0.458960 -1
0 10.396483 5.231825 -0.000000 0.110132 0.458960 -1
0 17.957563 12.792905 -0.000001 0.110132 0.458960 -1
0 -10.396483 5.231825 -0.000000 0.110132 0.458960 -1
0 -11.666002 8.504223 -0.000001 0.110132 0.458960 -1
0 -17.957569 14.799849 -0.000001 0.110132 0.458960 -1
0 -17.957563 12.792905 -0.000001 0.110132 0.458960 -1
0 11.666398 29.046343 -0.000002 0.110132 0.458960 -1
0 10.396483 27.847895 -0.000002 0.109806 0.460017 -1
0 -10.396483 27.847895 -0.000002 0.109806 0.460017 -1
0 -11.666398 29.046343 -0.000002 0.110132 0.458960 -1
0 17.957563 12.792905 -0.000001 0.110265 0.467634 -1
0 30.311485 0.438983 -0.000000 0.110265 0.463017 -1
0 32.301743 0.438983 -0.000000 0.111590 0.466459 -1
0 -32.302002 0.438983 -0.000000 0.111590 0.466459 -1
0 -30.311485 0.438983 -0.000000 0.110265 0.463017 -1
0 -17.957563 12.792905 -0.000001 0.110265 0.467634 -1
0 0.000000 -29.872501 0.000002 0.113040 0.463017 -1
0 0.000000 -31.767494 0.000002 0.111590 0.466459 -1
0 0.000000 -24.325829 -3.064909 0.062011 0.440950 -1
0 22.268805 0.438983 -6.762818 0.106881 0.237232 -1
0 24.764811 0.438984 -3.064911 0.111909 0.237232 -1
0 0.000000 -21.829821 -6.762817 0.062011 0.420417 -1
0 -24.764811 0.438984 -3.064911 0.012110 0.237232 -1
0 -22.268805 0.438983 -6.762818 0.017139 0.237232 -1
0 6.474392 23.925806 -3.064913 0.075055 0.044029 -1
0 -4.709450 22.160864 -6.762820 0.052520 0.058547 -1
0 0.000000 23.925806 -3.064913 0.062011 0.044029 -1
0 4.709450 22.160864 -6.762820 0.071500 0.058547 -1
0 -6.474392 23.925806 -3.064913 0.048965 0.044029 -1
0 -4.709450 -8.497891 -6.762818 0.052520 0.310747 -1
0 -6.474392 -4.236944 -3.064910 0.048965 0.275698 -1
0 -17.957563 4.750226 -6.762819 0.025826 0.201768 -1
0 -17.957565 7.246231 -3.064911 0.025826 0.181237 -1
0 17.957563 4.750226 -6.762819 0.098194 0.201768 -1
0 17.957565 7.246231 -3.064911 0.098194 0.181237 -1
0 4.709450 -8.497891 -6.762818 0.071500 0.310747 -1
0 6.474392 -4.236944 -3.064910 0.075055 0.275698 -1
38
0.266300 -0.798900 0.539300
0.798900 0.266300 0.539300
0.626900 -0.209000 0.750600
-0.112700 -0.338000 0.934400
-0.798900 -0.266300 0.539300
-0.495800 0.165200 0.852600
0.376600 0.753200 0.539300
-0.000000 0.902500 0.430700
-0.192400 0.577100 0.793600
0.591000 0.295500 0.750600
-0.753200 0.376600 0.539300
0.201600 0.688300 0.696900
-0.213800 0.116900 0.969900
-0.266300 0.798900 0.539300
0.208900 0.626900 0.750600
0.165300 0.495800 0.852600
0.629200 0.344100 0.696900
-0.068500 0.233900 0.969900
-0.000000 -0.000000 1.000000
0.266300 -0.798900 -0.539300
0.626900 -0.209000 -0.750600
0.798900 0.266300 -0.539300
-0.112700 -0.338000 -0.934400
-0.798900 -0.266300 -0.539300
-0.495800 0.165200 -0.852600
0.376600 0.753200 -0.539300
-0.192400 0.577200 -0.793600
-0.000000 0.902500 -0.430700
0.591000 0.295500 -0.750600
-0.753200 0.376600 -0.539300
-0.213800 0.116900 -0.969900
0.201600 0.688300 -0.696900
0.208900 0.626900 -0.750600
-0.266300 0.798900 -0.539300
0.165300 0.495800 -0.852600
-0.068500 0.233900 -0.969800
0.629200 0.344100 -0.696900
-0.000000 -0.000000 -1.000000
88
0 0 1 2 0 1 2 1
0 2 3 0 2 3 0 1
0 4 0 3 4 0 3 1
0 3 5 4 3 5 4 1
0 6 7 8 6 7 8 1
0 8 9 6 8 9 6 1
0 10 11 12 10 11 12 1
0 12 8 10 12 8 10 1
0 11 13 14 11 13 14 1
0 14 12 11 14 12 11 1
0 13 4 5 13 4 5 1
0 5 14 13 5 14 13 1
0 1 15 16 1 13 15 1
0 16 2 1 15 2 1 1
0 15 17 18 13 16 17 1
0 18 16 15 17 15 13 1
0 17 6 9 16 6 9 1
0 9 18 17 9 17 16 1
0 18 9 8 17 9 8 1
0 12 14 5 12 14 5 1
0 3 2 16 3 2 15 1
0 18 8 12 17 8 12 1
0 12 5 3 12 5 3 1
0 3 16 18 3 15 17 1
0 12 3 18 12 3 17 1
0 7 10 8 7 10 8 1
0 19 20 21 18 18 18 1
0 19 21 22 18 18 18 1
0 23 24 25 18 18 18 1
0 23 25 26 18 18 18 1
0 20 27 28 18 18 18 1
0 20 28 21 18 18 18 1
0 24 23 29 18 18 18 1
0 24 29 30 18 18 18 1
0 30 29 28 18 18 18 1
0 30 28 27 18 18 18 1
0 19 31 32 18 18 18 1
0 19 32 33 18 18 18 1
0 25 34 35 18 18 18 1
0 25 35 36 18 18 18 1
0 33 32 37 18 18 18 1
0 33 37 38 18 18 18 1
0 38 37 35 18 18 18 1
0 38 35 34 18 18 18 1
0 39 40 41 19 20 21 1
0 40 39 42 20 19 22 1
0 43 42 39 23 22 19 1
0 42 43 44 22 23 24 1
0 45 46 47 25 26 27 1
0 46 45 48 26 25 28 1
0 49 50 51 29 30 31 1
0 50 49 46 30 29 26 1
0 51 52 53 31 32 33 1
0 52 51 50 32 31 30 1
0 53 44 43 33 24 23 1
0 44 53 52 24 33 32 1
0 41 54 55 21 34 33 1
0 54 41 40 34 21 20 1
0 55 56 57 33 35 36 1
0 56 55 54 35 33 34 1
0 57 48 45 36 28 25 1
0 48 57 56 28 36 35 1
0 56 46 48 35 26 28 1
0 50 44 52 30 24 32 1
0 42 54 40 22 34 20 1
0 56 50 46 35 30 26 1
0 50 42 44 30 22 24 1
0 42 56 54 22 35 34 1
0 50 56 42 30 35 22 1
0 47 46 49 27 26 29 1
0 19 21 20 37 37 37 1
0 19 22 21 37 37 37 1
0 23 25 24 37 37 37 1
0 23 26 25 37 37 37 1
0 20 28 27 37 37 37 1
0 20 21 28 37 37 37 1
0 24 29 23 37 37 37 1
0 24 30 29 37 37 37 1
0 30 28 29 37 37 37 1
0 30 27 28 37 37 37 1
0 19 32 31 37 37 37 1
0 19 33 32 37 37 37 1
0 25 35 34 37 37 37 1
0 25 36 35 37 37 37 1
0 33 37 32 37 37 37 1
0 33 38 37 37 37 37 1
0 38 35 37 37 37 37 1
0 38 34 35 37 37 37 1
"scroller01" 0 0
32
0 0.000000 -29.872501 0.000002 0.124718 0.405974 -1
0 30.311485 0.438983 -0.000000 0.124718 0.405974 -1
0 24.764811 0.438985 3.064911 0.124350 0.414361 -1
0 0.000000 -24.325829 3.064913 0.124350 0.414361 -1
0 -30.311485 0.438983 -0.000000 0.124718 0.405974 -1
0 -24.764811 0.438985 3.064911 0.124350 0.414361 -1
0 10.396483 27.847895 -0.000002 0.124262 0.477532 -1
0 0.000000 27.847895 -0.000002 0.124332 0.493246 -1
0 0.000000 25.430960 1.890709 0.124348 0.489595 -1
0 -6.474392 23.925806 3.064909 0.124262 0.477532 -1
0 0.000000 23.925806 3.064909 0.124359 0.487320 -1
0 -10.396483 27.847895 -0.000002 0.124262 0.477532 -1
0 -10.396483 5.231825 -0.000000 0.124414 0.443356 -1
0 -6.474392 -4.236944 3.064911 0.124504 0.434970 -1
0 -17.957563 12.792905 -0.000001 0.124414 0.443356 -1
0 -17.957565 7.246231 3.064910 0.124504 0.434970 -1
0 17.957563 12.792905 -0.000001 0.124414 0.443356 -1
0 17.957565 7.246231 3.064910 0.124504 0.434970 -1
0 10.396483 5.231825 -0.000000 0.124414 0.443356 -1
0 6.474392 -4.236944 3.064911 0.124504 0.434970 -1
0 6.474392 23.925806 3.064909 0.124262 0.477532 -1
0 24.764811 0.438984 -3.064911 0.124350 0.414361 -1
0 0.000000 -24.325829 -3.064909 0.124350 0.414361 -1
0 -24.764811 0.438984 -3.064911 0.124350 0.414361 -1
0 0.000000 25.430960 -1.890713 0.124348 0.489595 -1
0 -6.474392 23.925806 -3.064913 0.124262 0.477532 -1
0 0.000000 23.925806 -3.064913 0.124359 0.487320 -1
0 -6.474392 -4.236944 -3.064910 0.124504 0.434970 -1
0 -17.957565 7.246231 -3.064911 0.124504 0.434970 -1
0 17.957565 7.246231 -3.064911 0.124504 0.434970 -1
0 6.474392 -4.236944 -3.064910 0.124504 0.434970 -1
0 6.474392 23.925806 -3.064913 0.124262 0.477532 -1
38
0.159200 -0.477500 0.864100
0.477500 0.159200 0.864100
0.477500 -0.159200 0.864100
-0.159200 -0.477500 0.864100
-0.477500 -0.159200 0.864100
-0.477500 0.159200 0.864100
0.166300 0.498500 0.850800
-0.000100 0.616100 0.787700
-0.000200 0.616100 0.787600
-0.166200 0.498600 0.850800
-0.000200 0.616200 0.787600
-0.450200 0.225000 0.864100
0.100900 0.344000 0.933600
-0.314500 0.171900 0.933600
-0.159200 0.477500 0.864100
0.159200 0.477500 0.864100
0.314500 0.171900 0.933600
-0.100900 0.344000 0.933600
0.450200 0.225000 0.864100
0.159200 -0.477500 -0.864100
0.477500 -0.159200 -0.864100
0.477500 0.159200 -0.864100
-0.159200 -0.477500 -0.864100
-0.477500 -0.159200 -0.864100
-0.477500 0.159200 -0.864100
0.166300 0.498500 -0.850800
-0.000100 0.616000 -0.787800
-0.000100 0.616100 -0.787700
-0.166200 0.498600 -0.850800
-0.000200 0.616200 -0.787600
-0.450200 0.225000 -0.864100
-0.314500 0.171900 -0.933600
0.100900 0.344000 -0.933600
0.159200 0.477500 -0.864100
-0.159200 0.477500 -0.864100
-0.100900 0.344000 -0.933600
0.314500 0.171900 -0.933600
0.450200 0.225000 -0.864100
44
0 0 1 2 0 1 2 1
0 2 3 0 2 3 0 1
0 4 0 3 4 0 3 1
0 3 5 4 3 5 4 1
0 6 7 8 6 7 8 1
0 9 10 8 9 10 8 1
0 11 12 13 11 12 13 1
0 13 9 11 13 9 11 1
0 12 14 15 12 14 15 1
0 15 13 12 15 13 12 1
0 14 4 5 14 4 5 1
0 5 15 14 5 15 14 1
0 1 16 17 1 14 15 1
0 17 2 1 15 2 1 1
0 16 18 19 14 16 17 1
0 19 17 16 17 15 14 1
0 18 6 20 16 6 18 1
0 20 19 18 18 17 16 1
0 8 7 9 8 7 9 1
0 7 11 9 7 11 9 1
0 8 10 6 8 10 6 1
0 10 20 6 10 18 6 1
0 0 21 1 19 20 21 1
0 21 0 22 20 19 22 1
0 4 22 0 23 22 19 1
0 22 4 23 22 23 24 1
0 6 24 7 25 26 27 1
0 25 24 26 28 26 29 1
0 11 27 12 30 31 32 1
0 27 11 25 31 30 28 1
0 12 28 14 32 33 34 1
0 28 12 27 33 32 31 1
0 14 23 4 34 24 23 1
0 23 14 28 24 34 33 1
0 1 29 16 21 33 34 1
0 29 1 21 33 21 20 1
0 16 30 18 34 35 36 1
0 30 16 29 35 34 33 1
0 18 31 6 36 37 25 1
0 31 18 30 37 36 35 1
0 24 25 7 26 28 27 1
0 7 25 11 27 28 30 1
0 24 6 26 26 25 29 1
0 26 6 31 29 25 37 1

Materials: 2
"scroller"
1.000000 1.000000 1.000000 1.000000
0.800000 0.800000 0.800000 1.000000
0.000000 0.000000 0.000000 1.000000
0.000000 0.000000 0.000000 1.000000
0.185600
1.000000
"textures/Tap Note ani texture.ini"
""
"shell"
1.000000 1.000000 1.000000 1.000000
0.800000 0.800000 0.800000 1.000000
0.000000 0.000000 0.000000 1.000000
0.000000 0.000000 0.000000 1.000000
0.185600
1.000000
"textures/Tap Note parts (mipmaps).png"
""

Bones: 0