// MilkShape 3D ASCII

Frames: 30
Frame: 1

Meshes: 2
"scroller" 0 0
40
0 0.001002 23.808376 3.653354 0.121372 0.394081 -1
0 0.001002 2.506413 3.653356 0.121458 0.632738 -1
0 5.587903 23.808378 3.653353 0.121395 0.332525 -1
0 5.587903 8.093306 3.653354 0.121458 0.509626 -1
0 0.001002 -25.834566 3.653353 0.121567 0.941036 -1
0 23.413769 -2.421811 3.653395 0.121567 0.425122 -1
0 24.059582 -1.381673 3.653394 0.121566 0.406548 -1
0 24.246153 -0.323626 3.653395 0.121562 0.392835 -1
0 24.028982 0.908014 3.653397 0.121556 0.381657 -1
0 23.463015 2.002876 3.653399 0.121549 0.375830 -1
0 18.891153 6.586157 3.653357 0.121549 0.375830 -1
0 0.001002 -12.303988 3.653361 0.121514 0.791960 -1
0 -5.585898 23.808380 3.653355 0.121395 0.332525 -1
0 -5.585898 8.093306 3.653356 0.121458 0.509626 -1
0 -23.411764 -2.421811 3.653396 0.121567 0.425122 -1
0 -24.057579 -1.381673 3.653395 0.121566 0.406548 -1
0 -24.244150 -0.323626 3.653396 0.121562 0.392835 -1
0 -24.026979 0.908014 3.653398 0.121556 0.381657 -1
0 -23.461012 2.002876 3.653401 0.121549 0.375830 -1
0 -18.889149 6.586157 3.653358 0.121549 0.375830 -1
0 0.001002 23.808376 -3.653358 0.121372 0.394081 -1
0 5.587903 23.808378 -3.653357 0.121395 0.332525 -1
0 0.001002 2.506413 -3.653356 0.121458 0.632738 -1
0 5.587903 8.093306 -3.653356 0.121458 0.509626 -1
0 0.001002 -25.834566 -3.653349 0.121567 0.941036 -1
0 24.059582 -1.381673 -3.653394 0.121566 0.406548 -1
0 23.413769 -2.421811 -3.653395 0.121567 0.425122 -1
0 24.246153 -0.323626 -3.653395 0.121562 0.392835 -1
0 24.028982 0.908014 -3.653397 0.121556 0.381657 -1
0 23.463015 2.002876 -3.653399 0.121549 0.375830 -1
0 18.891153 6.586156 -3.653358 0.121549 0.375830 -1
0 0.001002 -12.303988 -3.653359 0.121514 0.791960 -1
0 -5.585898 23.808380 -3.653359 0.121395 0.332525 -1
0 -5.585898 8.093306 -3.653358 0.121458 0.509626 -1
0 -23.411764 -2.421811 -3.653396 0.121567 0.425122 -1
0 -24.057579 -1.381673 -3.653395 0.121566 0.406548 -1
0 -24.244150 -0.323626 -3.653396 0.121562 0.392835 -1
0 -24.026979 0.908014 -3.653398 0.121556 0.381657 -1
0 -23.461012 2.002876 -3.653401 0.121549 0.375830 -1
0 -18.889149 6.586156 -3.653359 0.121549 0.375830 -1
2
-0.000000 -0.000000 1.000000
-0.000000 -0.000000 -1.000000
32
0 0 1 2 0 0 0 1
0 2 1 3 0 0 0 1
0 4 5 6 0 0 0 1
0 4 6 7 0 0 0 1
0 4 7 8 0 0 0 1
0 4 8 9 0 0 0 1
0 4 9 10 0 0 0 1
0 4 10 11 0 0 0 1
0 1 0 12 0 0 0 1
0 1 12 13 0 0 0 1
0 14 4 15 0 0 0 1
0 15 4 16 0 0 0 1
0 16 4 17 0 0 0 1
0 17 4 18 0 0 0 1
0 18 4 19 0 0 0 1
0 19 4 11 0 0 0 1
0 20 21 22 1 1 1 1
0 21 23 22 1 1 1 1
0 24 25 26 1 1 1 1
0 24 27 25 1 1 1 1
0 24 28 27 1 1 1 1
0 24 29 28 1 1 1 1
0 24 30 29 1 1 1 1
0 24 31 30 1 1 1 1
0 22 32 20 1 1 1 1
0 22 33 32 1 1 1 1
0 34 35 24 1 1 1 1
0 35 36 24 1 1 1 1
0 36 37 24 1 1 1 1
0 37 38 24 1 1 1 1
0 38 39 24 1 1 1 1
0 39 31 24 1 1 1 1
"shell" 0 1
86
0 5.587901 24.710808 7.539356 0.070435 0.090937 -1
0 0.001002 3.408844 7.539361 0.059155 0.427351 -1
0 5.587903 8.995736 7.539358 0.070435 0.339119 -1
0 18.894997 13.654608 -0.232648 0.097301 0.265544 -1
0 0.001000 -5.239383 -0.232645 0.059155 0.563929 -1
0 0.001000 -8.320470 -0.232642 0.059155 0.612587 -1
0 18.893072 10.571597 -0.232646 0.097297 0.314233 -1
0 26.116858 2.515843 -0.232602 0.111881 0.441454 -1
0 26.132166 -1.271435 -0.232604 0.111912 0.501265 -1
0 0.001000 -28.013229 -0.232643 0.059155 0.923587 -1
0 0.001000 -31.094315 -0.232641 0.059155 0.972245 -1
0 0.001000 -2.753332 -0.232643 0.059155 0.524667 -1
0 9.945214 7.190873 -0.232644 0.079232 0.367623 -1
0 7.766555 8.093304 -0.232644 0.074833 0.353371 -1
0 0.001000 0.327756 -0.232643 0.059155 0.476010 -1
0 9.945214 29.068127 -0.232645 0.079232 0.022124 -1
0 7.766555 26.889465 -0.232645 0.074833 0.056531 -1
0 0.001000 -11.401559 7.539366 0.059155 0.661246 -1
0 18.891153 7.488587 7.539361 0.097294 0.362921 -1
0 24.028986 1.810444 7.539400 0.107666 0.452594 -1
0 26.458412 0.578805 -0.232603 0.112571 0.472045 -1
0 24.246153 0.578805 7.539397 0.108104 0.472045 -1
0 24.059582 -0.479244 7.539396 0.107728 0.488753 -1
0 0.001002 -24.932140 7.539355 0.059155 0.874929 -1
0 28.535711 -2.559606 -0.232604 0.116765 0.521609 -1
0 28.535711 4.013888 -0.232611 0.116765 0.417796 -1
0 -5.585899 24.710808 7.539359 0.047876 0.090937 -1
0 -5.585899 8.995736 7.539361 0.047876 0.339119 -1
0 -18.892998 13.654608 -0.232648 0.021010 0.265544 -1
0 -18.891073 10.571598 -0.232646 0.021014 0.314233 -1
0 -26.114859 2.515843 -0.232602 0.006429 0.441454 -1
0 -26.130167 -1.271435 -0.232604 0.006398 0.501265 -1
0 -9.943213 7.190874 -0.232644 0.039079 0.367623 -1
0 -7.764555 8.093305 -0.232644 0.043477 0.353371 -1
0 -9.943213 29.068129 -0.232645 0.039079 0.022124 -1
0 -7.764555 26.889469 -0.232645 0.043477 0.056530 -1
0 -18.889156 7.488588 7.539361 0.021017 0.362921 -1
0 -24.026985 1.810444 7.539400 0.010645 0.452594 -1
0 -26.456413 0.578805 -0.232603 0.005740 0.472045 -1
0 -24.244150 0.578804 7.539397 0.010206 0.472045 -1
0 -24.057585 -0.479243 7.539397 0.010583 0.488753 -1
0 -28.533712 -2.559606 -0.232604 0.001546 0.521609 -1
0 -28.533712 4.013888 -0.232610 0.001546 0.417796 -1
0 5.587901 24.710808 -7.539360 0.070435 0.090937 -1
0 5.587903 8.995734 -7.539359 0.070435 0.339119 -1
0 0.001002 3.408843 -7.539361 0.059155 0.427351 -1
0 18.894997 13.654608 0.232646 0.097301 0.265544 -1
0 0.001000 -8.320470 0.232644 0.059155 0.612587 -1
0 0.001000 -5.239383 0.232645 0.059155 0.563929 -1
0 18.893072 10.571597 0.232644 0.097297 0.314233 -1
0 26.116858 2.515843 0.232602 0.111881 0.441454 -1
0 26.132166 -1.271435 0.232604 0.111912 0.501265 -1
0 0.001000 -31.094315 0.232645 0.059155 0.972245 -1
0 0.001000 -28.013229 0.232647 0.059155 0.923587 -1
0 0.001000 -2.753332 0.232643 0.059155 0.524667 -1
0 7.766555 8.093304 0.232642 0.074833 0.353371 -1
0 9.945214 7.190873 0.232642 0.079232 0.367623 -1
0 0.001000 0.327756 0.232643 0.059155 0.476010 -1
0 7.766555 26.889465 0.232641 0.074833 0.056531 -1
0 9.945214 29.068127 0.232641 0.079232 0.022124 -1
0 0.001000 -11.401561 -7.539364 0.059155 0.661246 -1
0 18.891153 7.488586 -7.539361 0.097294 0.362921 -1
0 24.028986 1.810442 -7.539400 0.107666 0.452594 -1
0 26.458412 0.578805 0.232603 0.112571 0.472045 -1
0 24.246153 0.578803 -7.539397 0.108104 0.472045 -1
0 24.059582 -0.479246 -7.539396 0.107728 0.488753 -1
0 0.001002 -24.932140 -7.539351 0.059155 0.874929 -1
0 28.535711 -2.559606 0.232604 0.116765 0.521609 -1
0 28.535711 4.013888 0.232611 0.116765 0.417796 -1
0 -5.585899 8.995734 -7.539361 0.047876 0.339119 -1
0 -5.585899 24.710808 -7.539363 0.047876 0.090937 -1
0 -18.892998 13.654608 0.232646 0.021010 0.265544 -1
0 -18.891073 10.571598 0.232644 0.021014 0.314233 -1
0 -26.114859 2.515843 0.232602 0.006429 0.441454 -1
0 -26.130167 -1.271435 0.232604 0.006398 0.501265 -1
0 -9.943213 7.190874 0.232642 0.039079 0.367623 -1
0 -7.764555 8.093305 0.232642 0.043477 0.353371 -1
0 -9.943213 29.068129 0.232641 0.039079 0.022124 -1
0 -7.764555 26.889469 0.232641 0.043477 0.056530 -1
0 -18.889156 7.488587 -7.539361 0.021017 0.362921 -1
0 -24.026985 1.810442 -7.539400 0.010645 0.452594 -1
0 -26.456413 0.578805 0.232603 0.005740 0.472045 -1
0 -24.244150 0.578802 -7.539397 0.010206 0.472045 -1
0 -24.057585 -0.479245 -7.539397 0.010583 0.488753 -1
0 -28.533712 -2.559606 0.232604 0.001546 0.521609 -1
0 -28.533712 4.013888 0.232610 0.001546 0.417796 -1
107
-0.000000 -0.000000 1.000000
-0.680900 0.680900 0.269900
0.821500 0.503400 0.267800
0.719700 0.645300 0.256200
0.718800 0.647000 0.254400
0.900500 0.338800 0.272700
0.960300 0.056400 0.273300
0.960300 -0.056500 0.273300
0.895700 -0.349700 0.274500
0.805400 -0.525700 0.273800
0.689300 -0.675900 0.260700
0.686800 -0.675700 0.267900
0.680900 -0.680900 0.269900
0.926600 -0.242000 0.287800
0.826300 -0.484100 0.287800
0.962900 -0.000000 0.269900
0.680900 0.680900 0.269900
-0.719700 0.645300 0.256200
-0.821500 0.503400 0.267800
-0.718800 0.647000 0.254400
-0.900500 0.338800 0.272700
-0.960300 0.056400 0.273300
-0.960300 -0.056500 0.273300
-0.895700 -0.349700 0.274500
-0.805400 -0.525700 0.273800
-0.689300 -0.675900 0.260700
-0.686800 -0.675700 0.267900
-0.926600 -0.242000 0.287800
-0.680900 -0.680900 0.269900
-0.826300 -0.484100 0.287800
-0.962900 -0.000000 0.269900
-0.000000 0.962900 0.269900
-0.126300 -0.521800 -0.843700
-0.513500 0.212700 -0.831300
-0.000100 0.533400 -0.845900
-0.000000 -0.000000 -1.000000
-0.000100 0.931200 -0.364600
0.323500 -0.080500 -0.942800
0.033400 0.599600 -0.799600
0.506300 0.338400 -0.793200
-0.326000 0.064300 -0.943200
-0.000000 0.530800 -0.847500
0.260300 0.260300 -0.929800
0.188500 -0.270800 -0.944000
-0.442100 -0.269400 -0.855500
0.224400 0.965200 -0.134300
0.051100 0.049900 -0.997400
-0.979500 0.194300 -0.053900
0.129200 0.552100 -0.823700
0.923700 0.314900 0.218000
0.620500 -0.435900 -0.651900
0.939800 0.285700 0.187700
0.999800 0.015500 -0.013200
0.942300 0.310800 0.124500
0.509000 0.253300 -0.822700
0.970700 -0.172400 0.167600
0.460800 0.245900 -0.852700
0.963300 -0.235200 -0.129400
0.509900 0.399300 -0.761900
0.960600 0.130100 -0.245600
0.210200 -0.166500 -0.963400
0.697100 -0.637000 0.329100
0.832900 -0.550600 -0.055200
0.243700 -0.715600 -0.654600
-0.309800 -0.026500 -0.950400
-0.386800 0.366000 -0.846400
-0.204400 0.532000 -0.821700
-0.013700 -0.536300 -0.843900
-0.284300 -0.450900 -0.846100
-0.165100 -0.237100 -0.957400
0.172600 0.335700 -0.926000
0.255600 0.493600 -0.831300
0.185100 -0.495400 -0.848700
-0.015100 0.333000 -0.942800
-0.119900 -0.588500 -0.799600
0.350100 -0.139900 -0.926200
0.111200 -0.519000 -0.847500
-0.191300 -0.274800 -0.942300
-0.051100 0.049900 -0.997400
-0.135000 0.981800 0.133200
0.856600 -0.446900 -0.257700
0.979500 0.194300 -0.053900
-0.823200 -0.505600 -0.258200
-0.923700 0.314900 0.218000
-0.322500 0.071700 -0.943900
-0.641300 0.466600 -0.609200
-0.875000 0.478300 -0.074700
-0.738500 -0.295500 -0.606100
-0.992800 -0.053200 0.107000
-0.972300 0.071100 -0.222400
-0.658700 0.369700 -0.655300
-0.963000 -0.233700 -0.134000
-0.107500 -0.494400 -0.862500
-0.980800 -0.130600 0.144700
-0.509900 0.399300 -0.761900
-0.697100 -0.637000 0.329100
-0.227000 -0.721200 -0.654500
-0.817000 -0.560900 -0.133900
0.502600 0.268800 -0.821700
0.476400 0.340800 -0.810500
0.443100 -0.265800 -0.856200
0.284300 -0.450900 -0.846100
0.323900 0.068400 -0.943600
-0.488300 0.188400 -0.852100
0.308600 0.921100 0.237500
0.492100 0.171200 -0.853500
-0.377800 0.904200 0.199100
138
0 0 1 2 0 0 0 1
0 3 4 5 0 0 0 1
0 5 6 3 0 0 0 1
0 6 7 3 0 0 0 1
0 8 9 10 0 0 0 1
0 11 12 13 0 0 0 1
0 13 14 11 0 0 0 1
0 12 15 16 0 0 0 1
0 16 13 12 0 0 0 1
0 6 5 17 1 1 1 1
0 17 18 6 1 1 1 1
0 7 6 18 2 3 4 1
0 18 19 7 4 5 2 1
0 20 7 19 6 2 5 1
0 19 21 20 5 7 6 1
0 8 20 21 8 6 7 1
0 21 22 8 7 9 8 1
0 9 8 22 10 8 9 1
0 22 23 9 9 11 10 1
0 14 13 2 12 13 14 1
0 2 1 14 14 12 12 1
0 13 16 0 13 15 15 1
0 0 2 13 15 14 13 1
0 23 22 21 0 0 0 1
0 23 21 19 0 0 0 1
0 23 19 18 0 0 0 1
0 23 18 17 0 0 0 1
0 8 10 24 0 0 0 1
0 25 3 7 0 0 0 1
0 20 8 24 0 0 0 1
0 24 25 20 0 0 0 1
0 25 7 20 0 0 0 1
0 1 26 27 0 0 0 1
0 4 28 5 0 0 0 1
0 29 5 28 0 0 0 1
0 30 29 28 0 0 0 1
0 9 31 10 0 0 0 1
0 32 11 33 0 0 0 1
0 14 33 11 0 0 0 1
0 34 32 35 0 0 0 1
0 33 35 32 0 0 0 1
0 5 29 17 16 16 16 1
0 36 17 29 16 16 16 1
0 29 30 36 17 18 19 1
0 37 36 30 20 19 18 1
0 30 38 37 18 21 20 1
0 39 37 38 22 20 21 1
0 38 31 39 21 23 22 1
0 40 39 31 24 22 23 1
0 31 9 40 23 25 24 1
0 23 40 9 26 24 25 1
0 33 14 27 27 28 29 1
0 1 27 14 28 29 28 1
0 35 33 26 30 27 30 1
0 27 26 33 29 30 27 1
0 40 23 39 0 0 0 1
0 39 23 37 0 0 0 1
0 37 23 36 0 0 0 1
0 36 23 17 0 0 0 1
0 10 31 41 0 0 0 1
0 28 42 30 0 0 0 1
0 31 38 41 0 0 0 1
0 42 41 38 0 0 0 1
0 30 42 38 0 0 0 1
0 34 35 16 0 0 0 1
0 34 16 15 0 0 0 1
0 16 35 26 31 31 31 1
0 16 26 0 31 31 31 1
0 0 26 1 0 0 0 1
0 43 44 45 32 33 34 1
0 46 47 48 35 36 35 1
0 47 46 49 36 35 37 1
0 49 46 50 37 35 38 1
0 51 52 53 39 35 40 1
0 54 55 56 35 41 35 1
0 55 54 57 41 35 42 1
0 56 58 59 35 43 35 1
0 58 56 55 43 35 41 1
0 49 60 47 44 45 46 1
0 60 49 61 45 44 47 1
0 50 61 49 48 49 50 1
0 61 50 62 49 48 51 1
0 63 62 50 52 51 48 1
0 62 63 64 51 52 53 1
0 51 64 63 54 53 52 1
0 64 51 65 53 54 55 1
0 53 65 51 56 55 54 1
0 65 53 66 55 56 57 1
0 57 44 55 58 59 60 1
0 44 57 45 59 58 61 1
0 55 43 58 60 62 63 1
0 43 55 44 62 60 59 1
0 66 64 65 64 65 66 1
0 66 62 64 64 67 65 1
0 66 61 62 64 68 67 1
0 66 60 61 64 69 68 1
0 51 67 52 39 35 35 1
0 68 50 46 35 38 35 1
0 63 67 51 70 35 39 1
0 67 63 68 35 70 35 1
0 68 63 50 35 70 38 1
0 45 69 70 34 71 72 1
0 48 47 71 35 36 35 1
0 72 71 47 73 35 36 1
0 73 71 72 74 35 73 1
0 53 52 74 40 35 75 1
0 75 76 54 35 76 35 1
0 57 54 76 42 35 76 1
0 77 78 75 35 77 35 1
0 76 75 78 76 35 77 1
0 47 60 72 78 79 80 1
0 79 72 60 81 80 79 1
0 72 79 73 82 83 84 1
0 80 73 79 85 84 83 1
0 73 80 81 84 85 86 1
0 82 81 80 87 86 85 1
0 81 82 74 86 87 88 1
0 83 74 82 89 88 87 1
0 74 83 53 88 89 90 1
0 66 53 83 91 90 89 1
0 76 69 57 92 93 94 1
0 45 57 69 95 94 93 1
0 78 70 76 96 97 92 1
0 69 76 70 93 92 97 1
0 83 82 66 98 99 64 1
0 82 80 66 99 100 64 1
0 80 79 66 100 101 64 1
0 79 60 66 101 69 64 1
0 52 84 74 35 35 75 1
0 71 73 85 35 74 35 1
0 74 84 81 75 35 102 1
0 85 81 84 35 102 35 1
0 73 81 85 74 102 35 1
0 77 58 78 35 43 77 1
0 77 59 58 35 35 43 1
0 58 70 78 103 104 105 1
0 58 43 70 103 106 104 1
0 43 45 70 32 34 72 1

Materials: 2
"19 - Default"
1.000000 1.000000 1.000000 1.000000
0.800000 0.800000 0.800000 1.000000
0.898039 0.898039 0.898039 1.000000
0.000000 0.000000 0.000000 1.000000
0.185600
1.000000
"textures/Tap Fake ani texture.ini"
""
"shell"
1.000000 1.000000 1.000000 1.000000
0.800000 0.800000 0.800000 1.000000
0.898039 0.898039 0.898039 1.000000
0.000000 0.000000 0.000000 1.000000
0.185600
1.000000
"textures/Tap Fake parts (mipmaps).png"
""

Bones: 0