// MilkShape 3D ASCII

Frames: 30
Frame: 1

Meshes: 2
"Curve03" 0 1
92
0 0.000000 -31.606602 0.001176 0.061527 0.479062 -1
0 32.071068 0.464467 0.001174 0.121961 0.237291 -1
0 0.000000 -28.778175 0.001176 0.061527 0.457739 -1
0 29.242641 0.464467 0.001174 0.116631 0.237291 -1
0 19.000000 13.535535 0.001173 0.097330 0.138753 -1
0 19.000000 10.707108 0.001173 0.097330 0.160076 -1
0 11.000000 5.535533 0.001173 0.083585 0.198747 -1
0 9.000000 0.707107 0.001174 0.079590 0.234902 -1
0 11.000000 29.464466 0.001172 0.083585 0.019568 -1
0 9.000000 27.464466 0.001172 0.079590 0.034544 -1
0 -11.000000 29.464466 0.001172 0.039633 0.019568 -1
0 -9.000000 27.464466 0.001172 0.043629 0.034544 -1
0 -11.000000 5.535533 0.001173 0.039633 0.198747 -1
0 -9.000000 0.707107 0.001174 0.043629 0.234902 -1
0 -19.000000 13.535535 0.001173 0.025722 0.138753 -1
0 -19.000000 10.707108 0.001173 0.025722 0.160076 -1
0 -32.071068 0.464467 0.001174 0.001092 0.237291 -1
0 -29.242641 0.464467 0.001174 0.006421 0.237291 -1
0 0.000000 -24.535534 7.501175 0.061527 0.425756 -1
0 25.000000 0.464467 7.501173 0.108636 0.237291 -1
0 19.000000 6.464467 7.501173 0.097330 0.192059 -1
0 6.000000 -6.535533 7.501174 0.072832 0.290062 -1
0 6.000000 24.464466 7.501172 0.072832 0.056364 -1
0 -6.000000 24.464466 7.501172 0.050220 0.056364 -1
0 -6.000000 -6.535533 7.501174 0.050220 0.290062 -1
0 -19.000000 6.464467 7.501173 0.025722 0.192059 -1
0 -25.000000 0.464467 7.501173 0.014416 0.237291 -1
0 0.009779 -23.973927 7.500702 0.061546 0.421522 -1
0 24.219559 0.257405 7.500700 0.107166 0.238852 -1
0 19.000000 5.464468 7.500700 0.097330 0.199598 -1
0 0.009779 -13.507545 7.500701 0.061546 0.342622 -1
0 0.000000 -7.860403 7.500698 0.061527 0.300049 -1
0 -18.980442 5.464468 7.500700 0.025759 0.199598 -1
0 -24.200001 0.257413 7.500700 0.015924 0.238852 -1
0 5.932364 -1.920269 7.501021 0.072706 0.255268 -1
0 -5.932364 -1.920269 7.501021 0.050347 0.255268 -1
0 5.932364 3.262160 7.501020 0.072706 0.216200 -1
0 5.932364 13.143291 7.501019 0.072706 0.141710 -1
0 5.932364 7.314577 7.501021 0.072706 0.185651 -1
0 -5.932364 7.314573 7.501021 0.050347 0.185651 -1
0 -5.932364 13.143293 7.501019 0.050347 0.141710 -1
0 -5.932364 3.262160 7.501020 0.050347 0.216200 -1
0 -5.932364 17.550110 7.501019 0.050347 0.108489 -1
0 -5.932364 23.378826 7.501019 0.050347 0.064549 -1
0 5.932364 17.550110 7.501019 0.072706 0.108489 -1
0 5.932364 23.378826 7.501019 0.072706 0.064549 -1
0 0.000000 -31.606602 -0.001171 0.061527 0.479062 -1
0 0.000000 -28.778175 -0.001172 0.061527 0.457739 -1
0 32.071068 0.464467 -0.001174 0.121961 0.237291 -1
0 29.242641 0.464467 -0.001174 0.116631 0.237291 -1
0 19.000000 13.535535 -0.001175 0.097330 0.138753 -1
0 19.000000 10.707108 -0.001175 0.097330 0.160076 -1
0 11.000000 5.535533 -0.001174 0.083585 0.198747 -1
0 9.000000 0.707107 -0.001174 0.079590 0.234902 -1
0 11.000000 29.464466 -0.001176 0.083585 0.019568 -1
0 9.000000 27.464466 -0.001176 0.079590 0.034544 -1
0 -11.000000 29.464466 -0.001176 0.039633 0.019568 -1
0 -9.000000 27.464466 -0.001176 0.043629 0.034544 -1
0 -11.000000 5.535533 -0.001174 0.039633 0.198747 -1
0 -9.000000 0.707107 -0.001174 0.043629 0.234902 -1
0 -19.000000 13.535535 -0.001175 0.025722 0.138753 -1
0 -19.000000 10.707108 -0.001175 0.025722 0.160076 -1
0 -32.071068 0.464467 -0.001174 0.001092 0.237291 -1
0 -29.242641 0.464467 -0.001174 0.006421 0.237291 -1
0 0.000000 -24.535534 -7.501172 0.061527 0.425756 -1
0 25.000000 0.464466 -7.501173 0.108636 0.237291 -1
0 19.000000 6.464466 -7.501174 0.097330 0.192059 -1
0 6.000000 -6.535534 -7.501173 0.072832 0.290062 -1
0 6.000000 24.464466 -7.501175 0.072832 0.056364 -1
0 -6.000000 24.464466 -7.501175 0.050220 0.056364 -1
0 -6.000000 -6.535534 -7.501173 0.050220 0.290062 -1
0 -19.000000 6.464466 -7.501174 0.025722 0.192059 -1
0 -25.000000 0.464466 -7.501173 0.014416 0.237291 -1
0 0.009779 -23.973927 -7.500699 0.061546 0.421522 -1
0 24.219559 0.257404 -7.500700 0.107166 0.238852 -1
0 19.000000 5.464467 -7.500701 0.097330 0.199598 -1
0 0.009779 -13.507547 -7.500700 0.061546 0.342622 -1
0 0.000000 -7.860404 -7.500697 0.061527 0.300049 -1
0 -18.980442 5.464467 -7.500701 0.025759 0.199598 -1
0 -24.200001 0.257412 -7.500700 0.015924 0.238852 -1
0 5.932364 -1.920270 -7.501021 0.072706 0.255268 -1
0 -5.932364 -1.920270 -7.501021 0.050347 0.255268 -1
0 5.932364 3.262159 -7.501021 0.072706 0.216200 -1
0 5.932364 7.314576 -7.501022 0.072706 0.185651 -1
0 5.932364 13.143290 -7.501021 0.072706 0.141710 -1
0 -5.932364 7.314572 -7.501022 0.050347 0.185651 -1
0 -5.932364 13.143291 -7.501021 0.050347 0.141710 -1
0 -5.932364 3.262159 -7.501021 0.050347 0.216200 -1
0 -5.932364 17.550110 -7.501022 0.050347 0.108489 -1
0 -5.932364 23.378826 -7.501023 0.050347 0.064549 -1
0 5.932364 17.550110 -7.501022 0.072706 0.108489 -1
0 5.932364 23.378826 -7.501023 0.072706 0.064549 -1
84
-0.000000 -0.000000 1.000000
-0.278700 -0.835900 0.472900
0.835900 -0.278700 0.472900
0.278700 -0.835900 0.472900
0.835900 0.278700 0.472900
0.278600 0.835900 0.472900
-0.278600 0.835900 0.472900
-0.218000 0.744200 0.631400
0.680300 0.372100 0.631400
0.788100 0.394100 0.472900
0.394100 0.788100 0.472900
-0.394100 0.788100 0.472900
-0.788100 0.394000 0.472900
-0.680300 0.372100 0.631400
0.218000 0.744200 0.631400
-0.278700 0.835900 0.472900
-0.835900 0.278600 0.472900
-0.835900 -0.278700 0.472900
-0.000000 0.000100 1.000000
0.000100 -0.000000 1.000000
0.000100 -0.000100 1.000000
-0.000000 -0.000100 1.000000
-0.001200 -0.000100 1.000000
0.001200 -0.000100 1.000000
-0.000100 -0.000000 1.000000
-0.001400 -0.000000 1.000000
0.001500 -0.000000 1.000000
0.001100 -0.000100 1.000000
-0.001500 -0.000000 1.000000
-0.000000 -0.000000 -1.000000
-0.283900 0.042100 -0.957900
0.287500 -0.000000 -0.957800
-0.000000 0.299200 -0.954200
0.299300 0.722500 -0.623300
0.203700 0.203700 -0.957600
-0.208600 0.208700 -0.955500
-0.293400 0.708300 -0.642100
-0.000000 0.291600 -0.956500
-0.298000 0.000100 -0.954600
-0.146000 0.061000 -0.987400
0.400100 -0.867600 -0.295400
0.125900 -0.746500 -0.653300
0.991800 0.099000 -0.080800
0.752600 0.110100 -0.649200
0.428800 0.784400 -0.448300
-0.222000 0.745400 -0.628600
0.403400 0.879600 -0.252000
0.616700 -0.439400 -0.653200
0.740100 0.668700 -0.071600
0.448200 0.612800 -0.650800
-0.898200 0.362200 -0.249100
-0.684400 0.369800 -0.628400
-0.571900 0.766500 -0.292200
0.748900 0.119900 -0.651800
-0.369700 0.893100 -0.256400
-0.114500 0.751000 -0.650300
-0.995600 0.062400 -0.069400
-0.000000 0.000300 -1.000000
-0.381400 -0.322100 -0.866500
0.244200 0.441100 -0.863600
-0.000100 -0.000500 -1.000000
0.000100 -0.498600 -0.866800
-0.000000 -0.000500 -1.000000
-0.000200 -0.000000 -1.000000
-0.024800 0.091400 -0.995500
-0.262700 -0.423200 -0.867100
-0.000000 -0.000100 -1.000000
0.001700 -0.053500 -0.998600
0.427900 0.265500 -0.863900
-0.000200 -0.000100 -1.000000
-0.001100 -0.000100 -1.000000
0.001100 -0.000100 -1.000000
-0.001200 -0.000100 -1.000000
-0.001400 -0.000000 -1.000000
-0.001500 -0.000000 -1.000000
0.001500 -0.000000 -1.000000
0.001300 0.000800 -1.000000
0.001400 -0.000200 -1.000000
0.001900 -0.001100 -1.000000
0.116000 -0.495800 -0.860700
0.000900 -0.000100 -1.000000
-0.001400 0.000200 -1.000000
-0.026500 -0.392500 -0.919400
-0.000900 -0.000600 -1.000000
140
0 0 1 2 0 0 0 1
0 1 3 2 0 0 0 1
0 1 4 3 0 0 0 1
0 4 5 3 0 0 0 1
0 4 6 5 0 0 0 1
0 6 7 5 0 0 0 1
0 6 8 7 0 0 0 1
0 8 9 7 0 0 0 1
0 8 10 9 0 0 0 1
0 10 11 9 0 0 0 1
0 10 12 11 0 0 0 1
0 12 13 11 0 0 0 1
0 12 14 13 0 0 0 1
0 14 15 13 0 0 0 1
0 14 16 15 0 0 0 1
0 16 17 15 0 0 0 1
0 16 0 17 0 0 0 1
0 0 2 17 0 0 0 1
0 2 3 18 1 2 3 1
0 3 19 18 2 4 3 1
0 3 5 19 2 5 4 1
0 5 20 19 5 6 4 1
0 5 7 20 5 7 6 1
0 7 21 20 7 8 6 1
0 7 9 21 7 9 8 1
0 9 22 21 9 10 8 1
0 9 11 22 9 11 10 1
0 11 23 22 11 12 10 1
0 11 13 23 11 13 12 1
0 13 24 23 13 14 12 1
0 13 15 24 13 5 14 1
0 15 25 24 5 15 14 1
0 15 17 25 5 16 15 1
0 17 26 25 16 17 15 1
0 17 2 26 16 1 17 1
0 2 18 26 1 3 17 1
0 27 18 19 18 0 19 1
0 27 19 28 18 19 20 1
0 28 19 20 20 19 18 1
0 28 20 29 20 18 21 1
0 30 29 20 0 21 18 1
0 21 31 30 22 0 0 1
0 20 21 30 18 22 0 1
0 25 32 30 21 21 0 1
0 30 31 24 0 0 23 1
0 30 24 25 0 23 21 1
0 32 25 26 21 21 0 1
0 32 26 33 21 0 24 1
0 33 26 18 24 0 0 1
0 33 18 27 24 0 18 1
0 21 34 31 22 22 0 1
0 31 35 24 0 23 23 1
0 36 34 21 22 22 22 1
0 21 37 38 22 22 25 1
0 21 38 36 22 25 22 1
0 39 40 24 26 26 23 1
0 24 35 41 23 23 26 1
0 24 41 39 23 26 26 1
0 42 43 23 26 27 23 1
0 23 40 42 23 26 26 1
0 44 37 22 28 22 22 1
0 22 45 44 22 0 28 1
0 22 37 21 22 22 22 1
0 24 40 23 23 26 23 1
0 23 43 45 23 27 0 1
0 23 45 22 23 0 22 1
0 42 40 37 26 26 22 1
0 42 37 44 26 22 28 1
0 38 39 41 25 26 26 1
0 38 41 36 25 26 22 1
0 46 47 48 29 30 29 1
0 48 47 49 29 30 31 1
0 48 49 50 29 31 29 1
0 50 49 51 29 31 32 1
0 50 51 52 29 32 29 1
0 52 51 53 29 32 33 1
0 52 53 54 29 33 29 1
0 54 53 55 29 33 34 1
0 54 55 56 29 34 29 1
0 56 55 57 29 34 35 1
0 56 57 58 29 35 29 1
0 58 57 59 29 35 36 1
0 58 59 60 29 36 29 1
0 60 59 61 29 36 37 1
0 60 61 62 29 37 29 1
0 62 61 63 29 37 38 1
0 62 63 46 29 38 29 1
0 46 63 47 29 38 30 1
0 47 64 49 39 40 41 1
0 49 64 65 41 40 42 1
0 49 65 51 41 42 43 1
0 51 65 66 43 42 44 1
0 51 66 53 43 44 45 1
0 53 66 67 45 44 46 1
0 53 67 55 45 46 47 1
0 55 67 68 47 46 48 1
0 55 68 57 47 48 49 1
0 57 68 69 49 48 50 1
0 57 69 59 49 50 51 1
0 59 69 70 51 50 52 1
0 59 70 61 51 52 53 1
0 61 70 71 53 52 54 1
0 61 71 63 53 54 55 1
0 63 71 72 55 54 56 1
0 63 72 47 55 56 39 1
0 47 72 64 39 56 40 1
0 73 65 64 57 58 59 1
0 73 74 65 57 60 58 1
0 74 66 65 60 61 58 1
0 74 75 66 60 62 61 1
0 76 66 75 63 61 62 1
0 67 76 77 64 63 29 1
0 66 76 67 61 63 64 1
0 71 76 78 65 63 66 1
0 76 70 77 63 67 29 1
0 76 71 70 63 65 67 1
0 78 72 71 66 68 65 1
0 78 79 72 66 69 68 1
0 79 64 72 69 59 68 1
0 79 73 64 69 57 59 1
0 67 77 80 64 29 70 1
0 77 70 81 29 67 71 1
0 82 67 80 72 64 70 1
0 67 83 84 64 73 74 1
0 67 82 83 64 72 73 1
0 85 70 86 75 67 76 1
0 70 87 81 67 77 71 1
0 70 85 87 67 75 77 1
0 88 69 89 78 79 80 1
0 69 88 86 79 78 76 1
0 90 68 84 81 82 74 1
0 68 90 91 82 81 83 1
0 68 67 84 82 64 74 1
0 70 69 86 67 79 76 1
0 69 91 89 79 83 80 1
0 69 68 91 79 82 83 1
0 88 84 86 78 74 76 1
0 88 90 84 78 81 74 1
0 83 87 85 73 77 75 1
0 83 82 87 73 72 77 1
"scroller" 0 0
38
0 5.932364 23.378826 7.501019 0.124077 0.292964 -1
0 -5.932364 23.378826 7.501019 0.124077 0.292964 -1
0 -5.932364 17.550110 7.501019 0.124077 0.292964 -1
0 5.932364 17.550110 7.501019 0.124077 0.292964 -1
0 5.932364 13.143291 7.501019 0.124079 0.343019 -1
0 -5.932364 13.143293 7.501019 0.124079 0.343019 -1
0 -5.932364 7.314573 7.501021 0.124079 0.343019 -1
0 5.932364 7.314577 7.501021 0.124079 0.343019 -1
0 5.932364 3.262160 7.501020 0.124077 0.392611 -1
0 -5.932364 3.262160 7.501020 0.124077 0.392611 -1
0 -5.932364 -1.920269 7.501021 0.124077 0.392611 -1
0 5.932364 -1.920269 7.501021 0.124077 0.392611 -1
0 0.000000 -7.860403 7.500698 0.124077 0.392611 -1
0 0.009779 -13.507545 7.500701 0.124029 0.443608 -1
0 0.009779 -23.973927 7.500702 0.124029 0.443608 -1
0 24.219559 0.257405 7.500700 0.124029 0.443608 -1
0 19.000000 5.464468 7.500700 0.124029 0.443608 -1
0 -24.200001 0.257413 7.500700 0.124029 0.443608 -1
0 -18.980442 5.464468 7.500700 0.124029 0.443608 -1
0 5.932364 23.378826 -7.501023 0.124077 0.292964 -1
0 -5.932364 17.550110 -7.501022 0.124077 0.292964 -1
0 -5.932364 23.378826 -7.501023 0.124077 0.292964 -1
0 5.932364 17.550110 -7.501022 0.124077 0.292964 -1
0 5.932364 13.143290 -7.501021 0.124079 0.343019 -1
0 -5.932364 7.314572 -7.501022 0.124079 0.343019 -1
0 -5.932364 13.143291 -7.501021 0.124079 0.343019 -1
0 5.932364 7.314576 -7.501022 0.124079 0.343019 -1
0 5.932364 3.262159 -7.501021 0.124077 0.392611 -1
0 -5.932364 -1.920270 -7.501021 0.124077 0.392611 -1
0 -5.932364 3.262159 -7.501021 0.124077 0.392611 -1
0 5.932364 -1.920270 -7.501021 0.124077 0.392611 -1
0 0.000000 -7.860404 -7.500697 0.124077 0.392611 -1
0 0.009779 -13.507547 -7.500700 0.124029 0.443608 -1
0 24.219559 0.257404 -7.500700 0.124029 0.443608 -1
0 0.009779 -23.973927 -7.500699 0.124029 0.443608 -1
0 19.000000 5.464467 -7.500701 0.124029 0.443608 -1
0 -24.200001 0.257412 -7.500700 0.124029 0.443608 -1
0 -18.980442 5.464467 -7.500701 0.124029 0.443608 -1
4
-0.000000 -0.000000 1.000000
-0.000000 -0.000100 1.000000
-0.000000 -0.000000 -1.000000
-0.000000 -0.000100 -1.000000
22
0 0 1 2 0 0 0 1
0 0 2 3 0 0 0 1
0 4 5 6 0 0 0 1
0 4 6 7 0 0 0 1
0 8 9 10 0 0 0 1
0 8 10 11 0 0 0 1
0 10 12 11 0 1 0 1
0 13 14 15 0 0 0 1
0 13 15 16 0 0 0 1
0 14 13 17 0 0 0 1
0 17 13 18 0 0 0 1
0 19 20 21 2 2 2 1
0 19 22 20 2 2 2 1
0 23 24 25 2 2 2 1
0 23 26 24 2 2 2 1
0 27 28 29 2 2 2 1
0 27 30 28 2 2 2 1
0 28 30 31 2 2 3 1
0 32 33 34 2 2 2 1
0 32 35 33 2 2 2 1
0 34 36 32 2 2 2 1
0 36 37 32 2 2 2 1

Materials: 2
"scroller"
1.000000 1.000000 1.000000 1.000000
0.800000 0.800000 0.800000 1.000000
0.898039 0.898039 0.898039 1.000000
0.000000 0.000000 0.000000 1.000000
0.185600
1.000000
"textures/Tap Fake ani texture.ini"
""
"shell"
1.000000 1.000000 1.000000 1.000000
0.800000 0.800000 0.800000 1.000000
0.898039 0.898039 0.898039 1.000000
0.000000 0.000000 0.000000 1.000000
0.185600
1.000000
"textures/Tap Fake parts (mipmaps).png"
""

Bones: 0