// MilkShape 3D ASCII

Frames: 30
Frame: 1

Meshes: 2
"Plane02" 0 1
70
0 19.500000 12.893590 -0.000001 0.015198 0.069144 -1
0 19.500000 11.893590 -0.000001 0.015198 0.069144 -1
0 31.000000 0.393590 -0.000000 0.016580 0.075164 -1
0 32.000000 0.393590 -0.000000 0.016580 0.075164 -1
0 10.623075 4.016665 -0.000000 0.014130 0.073419 -1
0 10.000000 2.393590 -0.000000 0.014130 0.073419 -1
0 10.618599 21.774998 -0.000002 0.014130 0.064866 -1
0 10.000000 21.393589 -0.000002 0.014130 0.064866 -1
0 0.000000 32.393589 -0.000002 0.012853 0.059752 -1
0 0.000000 31.393589 -0.000002 0.012853 0.059752 -1
0 0.000000 -30.606411 0.000002 0.012853 0.090094 -1
0 0.000000 -31.606411 0.000002 0.012853 0.090094 -1
0 -19.500000 11.893590 -0.000001 0.010509 0.069626 -1
0 -19.500000 12.893590 -0.000001 0.010509 0.069626 -1
0 -31.000000 0.393590 -0.000000 0.009126 0.075164 -1
0 -32.000000 0.393590 -0.000000 0.009126 0.075164 -1
0 -10.000000 2.393590 -0.000000 0.011651 0.074201 -1
0 -10.623074 4.016665 -0.000000 0.011651 0.074201 -1
0 -10.618599 21.774998 -0.000002 0.011576 0.064866 -1
0 -10.000000 21.393589 -0.000002 0.011576 0.064866 -1
0 31.000000 0.393590 -0.000000 0.123035 0.250578 -1
0 19.500000 11.893590 -0.000001 0.100594 0.160676 -1
0 19.500000 9.173950 6.962646 0.100594 0.181937 -1
0 28.280359 0.393591 6.962647 0.117729 0.250578 -1
0 10.000000 2.393590 -0.000000 0.082056 0.234943 -1
0 8.076923 -2.249126 6.962647 0.078303 0.271238 -1
0 10.000000 21.393589 -0.000002 0.082056 0.086409 -1
0 8.076923 20.597027 6.962646 0.078303 0.092637 -1
0 0.000000 31.393589 -0.000002 0.062542 0.008234 -1
0 0.000000 28.673950 6.962645 0.062542 0.029495 -1
0 0.000000 -30.606411 0.000002 0.062542 0.492922 -1
0 0.000000 -27.886768 6.962649 0.062542 0.471661 -1
0 -19.500000 11.893590 -0.000001 0.024490 0.160676 -1
0 -31.000000 0.393590 -0.000000 0.002049 0.250578 -1
0 -28.280359 0.393591 6.962647 0.007355 0.250578 -1
0 -19.500000 9.173950 6.962646 0.024490 0.181937 -1
0 -10.000000 2.393590 -0.000000 0.043028 0.234943 -1
0 -8.076923 -2.249126 6.962647 0.046781 0.271238 -1
0 -10.000000 21.393589 -0.000002 0.043028 0.086409 -1
0 -8.076923 20.597027 6.962646 0.046781 0.092637 -1
0 -7.527473 20.369438 6.814687 0.047853 0.094416 -1
0 0.000000 27.896908 6.814686 0.062542 0.035569 -1
0 -19.500000 8.396911 6.814688 0.024490 0.188012 -1
0 -7.527473 -3.575617 6.814689 0.047853 0.281607 -1
0 -27.503319 0.393591 6.814688 0.008872 0.250578 -1
0 0.000000 -27.109730 6.814690 0.062542 0.465587 -1
0 7.527474 20.369438 6.814687 0.077231 0.094416 -1
0 27.503319 0.393591 6.814688 0.116212 0.250578 -1
0 19.500000 8.396911 6.814688 0.100594 0.188012 -1
0 7.527474 -3.575617 6.814689 0.077231 0.281607 -1
0 19.500000 9.173948 -6.962647 0.100594 0.181937 -1
0 28.280359 0.393589 -6.962647 0.117729 0.250578 -1
0 8.076923 -2.249127 -6.962647 0.078303 0.271238 -1
0 8.076923 20.597027 -6.962648 0.078303 0.092637 -1
0 0.000000 28.673950 -6.962649 0.062542 0.029495 -1
0 0.000000 -27.886768 -6.962645 0.062542 0.471661 -1
0 -28.280359 0.393589 -6.962647 0.007355 0.250578 -1
0 -19.500000 9.173948 -6.962647 0.024490 0.181937 -1
0 -8.076923 -2.249127 -6.962647 0.046781 0.271238 -1
0 -8.076923 20.597027 -6.962648 0.046781 0.092637 -1
0 -7.527473 20.369438 -6.814690 0.047853 0.094416 -1
0 0.000000 27.896908 -6.814690 0.062542 0.035569 -1
0 -19.500000 8.396909 -6.814689 0.024490 0.188012 -1
0 -7.527473 -3.575618 -6.814688 0.047853 0.281607 -1
0 -27.503319 0.393589 -6.814688 0.008872 0.250578 -1
0 0.000000 -27.109730 -6.814686 0.062542 0.465587 -1
0 7.527474 20.369438 -6.814690 0.077231 0.094416 -1
0 27.503319 0.393589 -6.814688 0.116212 0.250578 -1
0 19.500000 8.396909 -6.814689 0.100594 0.188012 -1
0 7.527474 -3.575618 -6.814688 0.077231 0.281607 -1
48
-0.000000 -0.000000 1.000000
0.947900 0.318600 -0.000000
-0.000000 0.948200 0.317600
0.212200 0.366100 0.906100
0.366100 -0.212200 0.906100
0.293100 0.707400 -0.643200
-0.186300 0.298700 0.936000
0.905200 0.374900 0.200100
0.471200 0.074600 0.878800
-0.000000 0.947800 0.318900
0.314500 -0.949200 -0.000000
-0.212200 -0.366100 0.906100
-0.318600 0.947900 -0.000000
-0.949200 -0.000000 0.314500
-0.366100 0.212200 0.906100
0.212200 0.366100 0.906000
0.338700 0.940900 0.000100
-0.342900 0.079500 0.936000
-0.968000 0.251000 -0.000000
-0.386000 0.280500 0.878800
0.210200 -0.123100 0.969900
-0.062200 -0.186700 0.980400
0.115100 -0.062900 0.991400
0.186700 -0.062200 0.980400
0.062200 0.186700 0.980400
-0.235700 -0.061600 0.969900
-0.186700 0.062200 0.980400
0.036800 -0.125800 0.991400
0.212100 0.366100 -0.906100
0.404500 -0.537700 -0.739800
-0.059900 0.355800 -0.932600
0.438900 0.387300 -0.810800
-0.000000 0.967200 -0.254000
0.365300 -0.519200 -0.772700
-0.623900 -0.382700 -0.681400
0.212200 0.366100 -0.906100
-0.342900 0.079500 -0.936000
-0.664900 0.074600 -0.743200
0.210200 -0.123100 -0.969900
-0.073300 -0.219700 -0.972800
-0.062200 -0.186700 -0.980400
0.115100 -0.062900 -0.991400
0.186700 -0.062200 -0.980400
0.062200 0.186700 -0.980400
-0.246900 -0.056000 -0.967400
-0.039800 -0.040600 -0.998400
-0.073200 -0.219800 -0.972800
0.036800 -0.125800 -0.991400
100
0 0 1 2 0 0 0 1
0 0 2 3 0 0 0 1
0 4 5 1 0 0 0 1
0 4 1 0 0 0 0 1
0 5 4 6 0 0 0 1
0 5 6 7 0 0 0 1
0 8 9 7 0 0 0 1
0 8 7 6 0 0 0 1
0 10 11 3 0 0 0 1
0 10 3 2 0 0 0 1
0 12 13 14 0 0 0 1
0 14 13 15 0 0 0 1
0 16 17 12 0 0 0 1
0 12 17 13 0 0 0 1
0 17 16 18 0 0 0 1
0 18 16 19 0 0 0 1
0 9 8 19 0 0 0 1
0 19 8 18 0 0 0 1
0 11 10 15 0 0 0 1
0 15 10 14 0 0 0 1
0 20 21 22 1 2 3 1
0 22 23 20 3 4 1 1
0 21 24 25 2 5 6 1
0 25 22 21 6 3 2 1
0 24 26 27 5 7 8 1
0 27 25 24 8 6 5 1
0 26 28 29 7 9 3 1
0 29 27 26 3 8 7 1
0 30 20 23 10 1 4 1
0 23 31 30 4 11 10 1
0 32 33 34 12 13 14 1
0 34 35 32 14 15 12 1
0 36 32 35 16 12 15 1
0 35 37 36 15 17 16 1
0 38 36 37 18 16 17 1
0 37 39 38 17 19 18 1
0 28 38 39 9 18 19 1
0 39 29 28 19 3 9 1
0 33 30 31 13 10 11 1
0 31 34 33 11 14 13 1
0 29 39 40 3 19 20 1
0 40 41 29 20 21 3 1
0 37 35 42 17 15 21 1
0 42 43 37 21 22 17 1
0 35 34 44 15 14 23 1
0 44 42 35 23 21 15 1
0 39 37 43 19 17 22 1
0 43 40 39 22 20 19 1
0 34 31 45 14 11 24 1
0 45 44 34 24 23 14 1
0 27 29 41 8 3 21 1
0 41 46 27 21 25 8 1
0 31 23 47 11 4 26 1
0 47 45 31 26 24 11 1
0 23 22 48 4 3 21 1
0 48 47 23 21 26 4 1
0 25 27 46 6 8 25 1
0 46 49 25 25 27 6 1
0 22 25 49 3 6 27 1
0 49 48 22 27 21 3 1
0 20 50 21 1 28 2 1
0 50 20 51 28 1 29 1
0 21 52 24 2 30 5 1
0 52 21 50 30 2 28 1
0 24 53 26 5 31 7 1
0 53 24 52 31 5 30 1
0 26 54 28 7 32 9 1
0 54 26 53 32 7 31 1
0 30 51 20 10 29 1 1
0 51 30 55 29 10 33 1
0 32 56 33 12 34 13 1
0 56 32 57 34 12 35 1
0 36 57 32 16 35 12 1
0 57 36 58 35 16 36 1
0 38 58 36 18 36 16 1
0 58 38 59 36 18 37 1
0 28 59 38 9 37 18 1
0 59 28 54 37 9 32 1
0 33 55 30 13 33 10 1
0 55 33 56 33 13 34 1
0 54 60 59 32 38 37 1
0 60 54 61 38 32 39 1
0 58 62 57 36 40 35 1
0 62 58 63 40 36 41 1
0 57 64 56 35 42 34 1
0 64 57 62 42 35 40 1
0 59 63 58 37 41 36 1
0 63 59 60 41 37 38 1
0 56 65 55 34 43 33 1
0 65 56 64 43 34 42 1
0 53 61 54 31 39 32 1
0 61 53 66 39 31 44 1
0 55 67 51 33 45 29 1
0 67 55 65 45 33 43 1
0 51 68 50 29 46 28 1
0 68 51 67 46 29 45 1
0 52 66 53 30 44 31 1
0 66 52 69 44 30 47 1
0 50 69 52 28 47 30 1
0 69 50 68 47 28 46 1
"Scroller" 0 0
20
0 7.527474 20.369438 6.814687 0.034253 0.069839 -1
0 0.000248 27.896908 6.814686 0.000441 0.001592 -1
0 0.000248 -27.109730 6.814690 0.000441 0.500302 -1
0 27.503319 0.393591 6.814688 0.123035 0.250578 -1
0 19.500000 8.396911 6.814688 0.088030 0.178387 -1
0 7.527474 -3.575617 6.814689 0.034253 0.286934 -1
0 -7.526978 20.369438 6.814687 0.034253 0.069839 -1
0 -27.502823 0.393591 6.814688 0.123035 0.250578 -1
0 -19.499504 8.396910 6.814688 0.088030 0.178387 -1
0 -7.526978 -3.575617 6.814689 0.034253 0.286934 -1
0 7.527474 20.369438 -6.814690 0.034253 0.069839 -1
0 0.000248 -27.109730 -6.814686 0.000441 0.500302 -1
0 0.000248 27.896908 -6.814690 0.000441 0.001592 -1
0 19.500000 8.396909 -6.814689 0.088030 0.178387 -1
0 27.503319 0.393589 -6.814688 0.123035 0.250578 -1
0 7.527474 -3.575618 -6.814688 0.034253 0.286934 -1
0 -7.526978 20.369438 -6.814690 0.034253 0.069839 -1
0 -27.502823 0.393589 -6.814688 0.123035 0.250578 -1
0 -19.499504 8.396908 -6.814689 0.088030 0.178387 -1
0 -7.526978 -3.575618 -6.814688 0.034253 0.286934 -1
2
-0.000000 -0.000000 1.000000
-0.000000 -0.000000 -1.000000
16
0 0 1 2 0 0 0 1
0 2 3 4 0 0 0 1
0 5 0 2 0 0 0 1
0 2 4 5 0 0 0 1
0 1 6 2 0 0 0 1
0 7 2 8 0 0 0 1
0 6 9 2 0 0 0 1
0 8 2 9 0 0 0 1
0 10 11 12 1 1 1 1
0 11 13 14 1 1 1 1
0 15 11 10 1 1 1 1
0 11 15 13 1 1 1 1
0 12 11 16 1 1 1 1
0 17 18 11 1 1 1 1
0 16 11 19 1 1 1 1
0 18 19 11 1 1 1 1

Materials: 2
"Scroller"
1.000000 1.000000 1.000000 1.000000
0.800000 0.800000 0.800000 1.000000
0.898039 0.898039 0.898039 1.000000
0.000000 0.000000 0.000000 1.000000
0.185600
1.000000
"textures/Fake/scroller.ini"
""
"shell"
1.000000 1.000000 1.000000 1.000000
0.800000 0.800000 0.800000 1.000000
0.898039 0.898039 0.898039 1.000000
0.000000 0.000000 0.000000 1.000000
0.185600
1.000000
"textures/lift.png"
""

Bones: 0